0
0,3
17,5
0
50
1
96

128

N
0,2142857
0


N
1,285714
2


N
1,714286
0


N
3,642857
0


N
4,714286
2


N
5,142857
0


N
7,071429
0


N
8,142858
2


N
8,571428
0


N
10,5
0


N
10,92857
3


N
11,14286
1


N
11,35714
2


N
11,57143
2


N
11,78571
1


N
12
2


N
13,92857
0


N
15
2


N
15,42857
0


N
17,35714
3


N
18,42857
1


N
18,85714
3


N
20,78572
0


N
21,85714
2


N
22,28572
0


N
24,21428
0


N
24,64286
3


N
24,85714
1


N
25,07143
2


N
25,28572
2


N
25,5
1


N
25,71428
2


N
27,64286
0


N
28,28572
1


N
28,71428
3


N
29,14286
0


N
30
2


N
30,42857
3


N
31,07143
0


N
31,71428
1


N
32,14286
3


N
32,57143
0


N
33,42857
2


N
34,5
0


N
35,14286
1


N
35,57143
3


N
36
0


N
36,85714
2


N
37,28571
3


N
37,92857
0


N
38,35714
3


N
38,57143
1


N
38,78571
2


N
39
2


N
39,21429
1


N
39,42857
2


N
41,35714
0


N
42,42857
2


N
42,85714
0


N
44,78571
3


N
45,85714
1


N
46,28571
3


N
48,21429
0


N
49,28571
2


N
49,71429
0


N
51,64286
0


N
52,07143
3


N
52,28571
1


N
52,5
2


N
52,71429
2


N
52,92857
1


N
53,14286
2


N
55,07143
0


N
56,14286
2


N
56,57143
0


N
58,5
3


N
59,57143
1


N
60
3


N
61,92857
0


N
63
2


N
63,42857
0


N
65,35714
0


N
65,78571
3


N
66
1


N
66,21429
2


N
66,42857
2


N
66,64286
1


N
66,85714
2


N
68,78571
0


N
69,85714
2


N
70,28571
0


N
72,21429
3


N
73,28571
1


N
73,71429
3


N
75,64286
0


N
76,71429
2


N
77,14286
0


N
79,07143
0


N
79,5
3


N
79,71429
1


N
79,92857
2


N
80,14286
2


N
80,35714
1


N
80,57143
2


N
82,5
0


N
83,14286
1


N
83,57143
3


N
84
0


N
84,85714
2


N
85,28571
3


N
85,92857
0


N
86,57143
1


N
87
3


N
87,42857
0


N
88,28571
2


N
89,35714
0


N
90
1


N
90,42857
3


N
90,85714
0


N
91,71429
2


N
92,14286
3


N
92,78571
0


N
93,21429
3


N
93,42857
1


N
93,64286
2


N
93,85714
2


N
94,07143
1


N
94,28571
2


6

F
57
0


F
60,42857
3


F
63,85714
0


F
70,71429
0


F
74,14286
3


F
77,57143
0


